0 0.07019230769230769 0.5678571428571428 0.06346153846153846 0.20714285714285716
0 0.1596153846153846 0.5017857142857143 0.08076923076923077 0.125
0 0.20576923076923076 0.6214285714285714 0.05384615384615385 0.16428571428571428
0 0.2298076923076923 0.43392857142857144 0.05961538461538462 0.16071428571428573
0 0.28173076923076923 0.5232142857142857 0.05576923076923077 0.15357142857142858
0 0.3423076923076923 0.5982142857142857 0.07307692307692308 0.16785714285714284
0 0.35096153846153844 0.4142857142857143 0.05961538461538462 0.14285714285714285
0 0.47115384615384615 0.4125 0.06153846153846154 0.1392857142857143
0 0.46923076923076923 0.5535714285714286 0.07692307692307693 0.15
0 0.551923076923077 0.5107142857142857 0.06923076923076923 0.19285714285714287
0 0.6048076923076923 0.4446428571428571 0.05576923076923077 0.13214285714285715
0 0.6471153846153846 0.5660714285714286 0.0673076923076923 0.175
0 0.7009615384615384 0.3767857142857143 0.0673076923076923 0.14642857142857144
0 0.7634615384615384 0.5160714285714286 0.08076923076923077 0.175
0 0.8596153846153847 0.48928571428571427 0.06153846153846154 0.18571428571428572
0 0.9230769230769231 0.48392857142857143 0.08461538461538462 0.16071428571428573
