0 0.14921875 0.1909722222222222 0.1125 0.25416666666666665
0 0.288671875 0.38125 0.02890625 0.04861111111111111
0 0.351171875 0.3875 0.03828125 0.07777777777777778
0 0.385546875 0.40069444444444446 0.01640625 0.043055555555555555
0 0.444140625 0.3951388888888889 0.02109375 0.043055555555555555
0 0.4875 0.41597222222222224 0.0125 0.020833333333333332
0 0.5578125 0.35555555555555557 0.0390625 0.06388888888888888
0 0.6953125 0.3763888888888889 0.059375 0.13333333333333333
0 0.75625 0.36180555555555555 0.0203125 0.04027777777777778
0 0.881640625 0.3840277777777778 0.05703125 0.14305555555555555
0 0.925 0.36527777777777776 0.034375 0.08055555555555556
0 0.98203125 0.34791666666666665 0.0359375 0.1125
0 0.8390625 0.3611111111111111 0.0234375 0.058333333333333334
0 0.80390625 0.35 0.0109375 0.025
0 0.77734375 0.36319444444444443 0.015625 0.034722222222222224
